3733216
3733216
3741228
3741228
3741432
3741432
3725276
3725276
3667116
3667116
3042088
3042088
3044024
3044024
3039584
3039584
3037412
3037412
3016556
3016556
3033652
3033652
3036888
3036888
3037168
3037168
3045552
3045552
3037724
3037724
3033052
3033052
3028648
3028648
3020236
3020236
3118072
3117452
3113576
3112244
3107780
3103224
3102512
3103252
3100448
3093344
3070704
3104672
3082352
3136716
3147544
3144816
3145592
3138260
3120308
3126948
3125008
3124048
3108768
3121428
3113584
3113976
3112500
3107240
3090300
3103072
3079160
